#
# gridID 1
#
gridtype  = gaussian
gridsize  = 73728
xsize     = 384
ysize     = 192
xname     = lon
xlongname = "Longitude"
xunits    = "degrees_east"
yname     = lat
ylongname = "Latitude"
yunits    = "degrees_north"
numLPE    = 96
xfirst    = 0
xinc      = 0.9375
xbounds   = -0.46875 0.46875 
            0.46875 1.40625 
            1.40625 2.34375 
            2.34375 3.28125 
            3.28125 4.21875 
            4.21875 5.15625 
            5.15625 6.09375 
            6.09375 7.03125 
            7.03125 7.96875 
            7.96875 8.90625 
            8.90625 9.84375 
            9.84375 10.78125 
            10.78125 11.71875 
            11.71875 12.65625 
            12.65625 13.59375 
            13.59375 14.53125 
            14.53125 15.46875 
            15.46875 16.40625 
            16.40625 17.34375 
            17.34375 18.28125 
            18.28125 19.21875 
            19.21875 20.15625 
            20.15625 21.09375 
            21.09375 22.03125 
            22.03125 22.96875 
            22.96875 23.90625 
            23.90625 24.84375 
            24.84375 25.78125 
            25.78125 26.71875 
            26.71875 27.65625 
            27.65625 28.59375 
            28.59375 29.53125 
            29.53125 30.46875 
            30.46875 31.40625 
            31.40625 32.34375 
            32.34375 33.28125 
            33.28125 34.21875 
            34.21875 35.15625 
            35.15625 36.09375 
            36.09375 37.03125 
            37.03125 37.96875 
            37.96875 38.90625 
            38.90625 39.84375 
            39.84375 40.78125 
            40.78125 41.71875 
            41.71875 42.65625 
            42.65625 43.59375 
            43.59375 44.53125 
            44.53125 45.46875 
            45.46875 46.40625 
            46.40625 47.34375 
            47.34375 48.28125 
            48.28125 49.21875 
            49.21875 50.15625 
            50.15625 51.09375 
            51.09375 52.03125 
            52.03125 52.96875 
            52.96875 53.90625 
            53.90625 54.84375 
            54.84375 55.78125 
            55.78125 56.71875 
            56.71875 57.65625 
            57.65625 58.59375 
            58.59375 59.53125 
            59.53125 60.46875 
            60.46875 61.40625 
            61.40625 62.34375 
            62.34375 63.28125 
            63.28125 64.21875 
            64.21875 65.15625 
            65.15625 66.09375 
            66.09375 67.03125 
            67.03125 67.96875 
            67.96875 68.90625 
            68.90625 69.84375 
            69.84375 70.78125 
            70.78125 71.71875 
            71.71875 72.65625 
            72.65625 73.59375 
            73.59375 74.53125 
            74.53125 75.46875 
            75.46875 76.40625 
            76.40625 77.34375 
            77.34375 78.28125 
            78.28125 79.21875 
            79.21875 80.15625 
            80.15625 81.09375 
            81.09375 82.03125 
            82.03125 82.96875 
            82.96875 83.90625 
            83.90625 84.84375 
            84.84375 85.78125 
            85.78125 86.71875 
            86.71875 87.65625 
            87.65625 88.59375 
            88.59375 89.53125 
            89.53125 90.46875 
            90.46875 91.40625 
            91.40625 92.34375 
            92.34375 93.28125 
            93.28125 94.21875 
            94.21875 95.15625 
            95.15625 96.09375 
            96.09375 97.03125 
            97.03125 97.96875 
            97.96875 98.90625 
            98.90625 99.84375 
            99.84375 100.78125 
            100.78125 101.71875 
            101.71875 102.65625 
            102.65625 103.59375 
            103.59375 104.53125 
            104.53125 105.46875 
            105.46875 106.40625 
            106.40625 107.34375 
            107.34375 108.28125 
            108.28125 109.21875 
            109.21875 110.15625 
            110.15625 111.09375 
            111.09375 112.03125 
            112.03125 112.96875 
            112.96875 113.90625 
            113.90625 114.84375 
            114.84375 115.78125 
            115.78125 116.71875 
            116.71875 117.65625 
            117.65625 118.59375 
            118.59375 119.53125 
            119.53125 120.46875 
            120.46875 121.40625 
            121.40625 122.34375 
            122.34375 123.28125 
            123.28125 124.21875 
            124.21875 125.15625 
            125.15625 126.09375 
            126.09375 127.03125 
            127.03125 127.96875 
            127.96875 128.90625 
            128.90625 129.84375 
            129.84375 130.78125 
            130.78125 131.71875 
            131.71875 132.65625 
            132.65625 133.59375 
            133.59375 134.53125 
            134.53125 135.46875 
            135.46875 136.40625 
            136.40625 137.34375 
            137.34375 138.28125 
            138.28125 139.21875 
            139.21875 140.15625 
            140.15625 141.09375 
            141.09375 142.03125 
            142.03125 142.96875 
            142.96875 143.90625 
            143.90625 144.84375 
            144.84375 145.78125 
            145.78125 146.71875 
            146.71875 147.65625 
            147.65625 148.59375 
            148.59375 149.53125 
            149.53125 150.46875 
            150.46875 151.40625 
            151.40625 152.34375 
            152.34375 153.28125 
            153.28125 154.21875 
            154.21875 155.15625 
            155.15625 156.09375 
            156.09375 157.03125 
            157.03125 157.96875 
            157.96875 158.90625 
            158.90625 159.84375 
            159.84375 160.78125 
            160.78125 161.71875 
            161.71875 162.65625 
            162.65625 163.59375 
            163.59375 164.53125 
            164.53125 165.46875 
            165.46875 166.40625 
            166.40625 167.34375 
            167.34375 168.28125 
            168.28125 169.21875 
            169.21875 170.15625 
            170.15625 171.09375 
            171.09375 172.03125 
            172.03125 172.96875 
            172.96875 173.90625 
            173.90625 174.84375 
            174.84375 175.78125 
            175.78125 176.71875 
            176.71875 177.65625 
            177.65625 178.59375 
            178.59375 179.53125 
            179.53125 180.46875 
            180.46875 181.40625 
            181.40625 182.34375 
            182.34375 183.28125 
            183.28125 184.21875 
            184.21875 185.15625 
            185.15625 186.09375 
            186.09375 187.03125 
            187.03125 187.96875 
            187.96875 188.90625 
            188.90625 189.84375 
            189.84375 190.78125 
            190.78125 191.71875 
            191.71875 192.65625 
            192.65625 193.59375 
            193.59375 194.53125 
            194.53125 195.46875 
            195.46875 196.40625 
            196.40625 197.34375 
            197.34375 198.28125 
            198.28125 199.21875 
            199.21875 200.15625 
            200.15625 201.09375 
            201.09375 202.03125 
            202.03125 202.96875 
            202.96875 203.90625 
            203.90625 204.84375 
            204.84375 205.78125 
            205.78125 206.71875 
            206.71875 207.65625 
            207.65625 208.59375 
            208.59375 209.53125 
            209.53125 210.46875 
            210.46875 211.40625 
            211.40625 212.34375 
            212.34375 213.28125 
            213.28125 214.21875 
            214.21875 215.15625 
            215.15625 216.09375 
            216.09375 217.03125 
            217.03125 217.96875 
            217.96875 218.90625 
            218.90625 219.84375 
            219.84375 220.78125 
            220.78125 221.71875 
            221.71875 222.65625 
            222.65625 223.59375 
            223.59375 224.53125 
            224.53125 225.46875 
            225.46875 226.40625 
            226.40625 227.34375 
            227.34375 228.28125 
            228.28125 229.21875 
            229.21875 230.15625 
            230.15625 231.09375 
            231.09375 232.03125 
            232.03125 232.96875 
            232.96875 233.90625 
            233.90625 234.84375 
            234.84375 235.78125 
            235.78125 236.71875 
            236.71875 237.65625 
            237.65625 238.59375 
            238.59375 239.53125 
            239.53125 240.46875 
            240.46875 241.40625 
            241.40625 242.34375 
            242.34375 243.28125 
            243.28125 244.21875 
            244.21875 245.15625 
            245.15625 246.09375 
            246.09375 247.03125 
            247.03125 247.96875 
            247.96875 248.90625 
            248.90625 249.84375 
            249.84375 250.78125 
            250.78125 251.71875 
            251.71875 252.65625 
            252.65625 253.59375 
            253.59375 254.53125 
            254.53125 255.46875 
            255.46875 256.40625 
            256.40625 257.34375 
            257.34375 258.28125 
            258.28125 259.21875 
            259.21875 260.15625 
            260.15625 261.09375 
            261.09375 262.03125 
            262.03125 262.96875 
            262.96875 263.90625 
            263.90625 264.84375 
            264.84375 265.78125 
            265.78125 266.71875 
            266.71875 267.65625 
            267.65625 268.59375 
            268.59375 269.53125 
            269.53125 270.46875 
            270.46875 271.40625 
            271.40625 272.34375 
            272.34375 273.28125 
            273.28125 274.21875 
            274.21875 275.15625 
            275.15625 276.09375 
            276.09375 277.03125 
            277.03125 277.96875 
            277.96875 278.90625 
            278.90625 279.84375 
            279.84375 280.78125 
            280.78125 281.71875 
            281.71875 282.65625 
            282.65625 283.59375 
            283.59375 284.53125 
            284.53125 285.46875 
            285.46875 286.40625 
            286.40625 287.34375 
            287.34375 288.28125 
            288.28125 289.21875 
            289.21875 290.15625 
            290.15625 291.09375 
            291.09375 292.03125 
            292.03125 292.96875 
            292.96875 293.90625 
            293.90625 294.84375 
            294.84375 295.78125 
            295.78125 296.71875 
            296.71875 297.65625 
            297.65625 298.59375 
            298.59375 299.53125 
            299.53125 300.46875 
            300.46875 301.40625 
            301.40625 302.34375 
            302.34375 303.28125 
            303.28125 304.21875 
            304.21875 305.15625 
            305.15625 306.09375 
            306.09375 307.03125 
            307.03125 307.96875 
            307.96875 308.90625 
            308.90625 309.84375 
            309.84375 310.78125 
            310.78125 311.71875 
            311.71875 312.65625 
            312.65625 313.59375 
            313.59375 314.53125 
            314.53125 315.46875 
            315.46875 316.40625 
            316.40625 317.34375 
            317.34375 318.28125 
            318.28125 319.21875 
            319.21875 320.15625 
            320.15625 321.09375 
            321.09375 322.03125 
            322.03125 322.96875 
            322.96875 323.90625 
            323.90625 324.84375 
            324.84375 325.78125 
            325.78125 326.71875 
            326.71875 327.65625 
            327.65625 328.59375 
            328.59375 329.53125 
            329.53125 330.46875 
            330.46875 331.40625 
            331.40625 332.34375 
            332.34375 333.28125 
            333.28125 334.21875 
            334.21875 335.15625 
            335.15625 336.09375 
            336.09375 337.03125 
            337.03125 337.96875 
            337.96875 338.90625 
            338.90625 339.84375 
            339.84375 340.78125 
            340.78125 341.71875 
            341.71875 342.65625 
            342.65625 343.59375 
            343.59375 344.53125 
            344.53125 345.46875 
            345.46875 346.40625 
            346.40625 347.34375 
            347.34375 348.28125 
            348.28125 349.21875 
            349.21875 350.15625 
            350.15625 351.09375 
            351.09375 352.03125 
            352.03125 352.96875 
            352.96875 353.90625 
            353.90625 354.84375 
            354.84375 355.78125 
            355.78125 356.71875 
            356.71875 357.65625 
            357.65625 358.59375 
            358.59375 359.53125 
yvals     = -89.2842275325136 -88.3570035186649 -87.4243037460699 -86.4903667662812 
            -85.5559604848927 -84.6213271076488 -83.6865668165639 -82.7517284734307 
            -81.8168387286032 -80.8819133467975 -79.9469622473857 -79.0119919826722 
            -78.0770070543037 -77.1420106570536 -76.2070051208607 -75.2719921848602 
            -74.336973173452 -73.4019491129572 -72.4669208110036 -71.5318889118272 
            -70.5968539356029 -69.6618163069383 -68.7267763758595 -67.7917344335006 
            -66.8566907239931 -65.9216454535868 -64.9865987977267 -64.0515509066005 
            -63.1165019095293 -62.1814519184735 -61.2464010308544 -60.3113493318435 
            -59.3762968962322 -58.4412437899697 -57.5061900714349 -56.5711357924953 
            -55.6360809993933 -54.7010257334911 -53.765970031901 -52.8309139280201 
            -51.8958574519866 -50.9608006310702 -50.0257434900084 -49.0906860512962 
            -48.1556283354368 -47.2205703611601 -46.2855121456128 -45.3504537045245 
            -44.4153950523538 -43.4803362024163 -42.5452771669981 -41.6102179574557 
            -40.6751585843046 -39.7400990572982 -38.8050393854982 -37.8699795773369 
            -36.934919640674 -35.999859582846 -35.064799410712 -34.1297391306945 
            -33.1946787488156 -32.2596182707304 -31.3245577017573 -30.3894970469048 
            -29.4544363108967 -28.5193754981943 -27.5843146130172 -26.649253659362 
            -25.7141926410194 -24.7791315615903 -23.8440704244996 -22.9090092330105 
            -21.9739479902356 -21.0388866991495 -20.1038253625982 -19.1687639833093 
            -18.2337025639012 -17.2986411068909 -16.3635796147026 -15.4285180896742 
            -14.4934565340649 -13.5583949500608 -12.6233333397819 -11.6882717052868 
            -10.7532100485791 -9.81814837161153 -8.88308667629158 -7.94802496448584 
            -7.01296323802433 -6.07790149870503 -5.14283974829786 -4.20777798854868 
            -3.27271622118319 -2.33765444791074 -1.40259267042804 -0.467530890422775 
            0.467530890422775 1.40259267042804 2.33765444791074 3.27271622118319 
            4.20777798854868 5.14283974829786 6.07790149870503 7.01296323802433 7.94802496448584 
            8.88308667629158 9.81814837161153 10.7532100485791 11.6882717052868 12.6233333397819 
            13.5583949500608 14.4934565340649 15.4285180896742 16.3635796147026 17.2986411068909 
            18.2337025639012 19.1687639833093 20.1038253625982 21.0388866991495 21.9739479902356 
            22.9090092330105 23.8440704244996 24.7791315615903 25.7141926410194 26.649253659362 
            27.5843146130172 28.5193754981943 29.4544363108967 30.3894970469048 31.3245577017573 
            32.2596182707304 33.1946787488156 34.1297391306945 35.064799410712 35.999859582846 
            36.934919640674 37.8699795773369 38.8050393854982 39.7400990572982 40.6751585843046 
            41.6102179574557 42.5452771669981 43.4803362024163 44.4153950523538 45.3504537045245 
            46.2855121456128 47.2205703611601 48.1556283354368 49.0906860512962 50.0257434900084 
            50.9608006310702 51.8958574519866 52.8309139280201 53.765970031901 54.7010257334911 
            55.6360809993933 56.5711357924953 57.5061900714349 58.4412437899697 59.3762968962322 
            60.3113493318435 61.2464010308544 62.1814519184735 63.1165019095293 64.0515509066005 
            64.9865987977267 65.9216454535868 66.8566907239931 67.7917344335006 68.7267763758595 
            69.6618163069383 70.5968539356029 71.5318889118272 72.4669208110036 73.4019491129572 
            74.336973173452 75.2719921848602 76.2070051208607 77.1420106570536 78.0770070543037 
            79.0119919826722 79.9469622473857 80.8819133467975 81.8168387286032 82.7517284734307 
            83.6865668165639 84.6213271076488 85.5559604848927 86.4903667662812 87.4243037460699 
            88.3570035186649 89.2842275325136 
ybounds   = -89.747839539438 -88.8206155255893 
            -88.8206155255893 -87.8906536323674 
            -87.8906536323674 -86.9573352561755 
            -86.9573352561755 -86.0231636255869 
            -86.0231636255869 -85.0886437962707 
            -85.0886437962707 -84.1539469621063 
            -84.1539469621063 -83.2191476449973 
            -83.2191476449973 -82.2842836010169 
            -82.2842836010169 -81.3493760377004 
            -81.3493760377004 -80.4144377970916 
            -80.4144377970916 -79.4794771150289 
            -79.4794771150289 -78.544499518488 
            -78.544499518488 -77.6095088556786 
            -77.6095088556786 -76.6745078889571 
            -76.6745078889571 -75.7394986528604 
            -75.7394986528604 -74.8044826791561 
            -74.8044826791561 -73.8694611432046 
            -73.8694611432046 -72.9344349619804 
            -72.9344349619804 -71.9994048614154 
            -71.9994048614154 -71.064371423715 
            -71.064371423715 -70.1293351212706 
            -70.1293351212706 -69.1942963413989 
            -69.1942963413989 -68.2592554046801 
            -68.2592554046801 -67.3242125787469 
            -67.3242125787469 -66.38916808879 
            -66.38916808879 -65.4541221256568 
            -65.4541221256568 -64.5190748521636 
            -64.5190748521636 -63.5840264080649 
            -63.5840264080649 -62.6489769140014 
            -62.6489769140014 -61.7139264746639 
            -61.7139264746639 -60.7788751813489 
            -60.7788751813489 -59.8438231140378 
            -59.8438231140378 -58.908770343101 
            -58.908770343101 -57.9737169307023 
            -57.9737169307023 -57.0386629319651 
            -57.0386629319651 -56.1036083959443 
            -56.1036083959443 -55.1685533664422 
            -55.1685533664422 -54.2334978826961 
            -54.2334978826961 -53.2984419799606 
            -53.2984419799606 -52.3633856900033 
            -52.3633856900033 -51.4283290415284 
            -51.4283290415284 -50.4932720605393 
            -50.4932720605393 -49.5582147706523 
            -49.5582147706523 -48.6231571933665 
            -48.6231571933665 -47.6880993482985 
            -47.6880993482985 -46.7530412533864 
            -46.7530412533864 -45.8179829250686 
            -45.8179829250686 -44.8829243784391 
            -44.8829243784391 -43.947865627385 
            -43.947865627385 -43.0128066847072 
            -43.0128066847072 -42.0777475622269 
            -42.0777475622269 -41.1426882708802 
            -41.1426882708802 -40.2076288208014 
            -40.2076288208014 -39.2725692213982 
            -39.2725692213982 -38.3375094814175 
            -38.3375094814175 -37.4024496090055 
            -37.4024496090055 -36.46738961176 
            -36.46738961176 -35.532329496779 
            -35.532329496779 -34.5972692707033 
            -34.5972692707033 -33.6622089397551 
            -33.6622089397551 -32.727148509773 
            -32.727148509773 -31.7920879862438 
            -31.7920879862438 -30.857027374331 
            -30.857027374331 -29.9219666789007 
            -29.9219666789007 -28.9869059045455 
            -28.9869059045455 -28.0518450556057 
            -28.0518450556057 -27.1167841361896 
            -27.1167841361896 -26.1817231501907 
            -26.1817231501907 -25.2466621013049 
            -25.2466621013049 -24.311600993045 
            -24.311600993045 -23.376539828755 
            -23.376539828755 -22.4414786116231 
            -22.4414786116231 -21.5064173446926 
            -21.5064173446926 -20.5713560308738 
            -20.5713560308738 -19.6362946729537 
            -19.6362946729537 -18.7012332736052 
            -18.7012332736052 -17.766171835396 
            -17.766171835396 -16.8311103607968 
            -16.8311103607968 -15.8960488521884 
            -15.8960488521884 -14.9609873118696 
            -14.9609873118696 -14.0259257420628 
            -14.0259257420628 -13.0908641449213 
            -13.0908641449213 -12.1558025225343 
            -12.1558025225343 -11.2207408769329 
            -11.2207408769329 -10.2856792100953 
            -10.2856792100953 -9.35061752395156 
            -9.35061752395156 -8.41555582038871 
            -8.41555582038871 -7.48049410125509 
            -7.48049410125509 -6.54543236836468 
            -6.54543236836468 -5.61037062350145 
            -5.61037062350145 -4.67530886842327 
            -4.67530886842327 -3.74024710486594 
            -3.74024710486594 -2.80518533454697 
            -2.80518533454697 -1.87012355916939 
            -1.87012355916939 -0.935061780425407 
            -0.935061780425407 0 
            0 0.935061780425407 
            0.935061780425407 1.87012355916939 
            1.87012355916939 2.80518533454697 
            2.80518533454697 3.74024710486594 
            3.74024710486594 4.67530886842327 
            4.67530886842327 5.61037062350145 
            5.61037062350145 6.54543236836468 
            6.54543236836468 7.48049410125509 
            7.48049410125509 8.41555582038871 
            8.41555582038871 9.35061752395156 
            9.35061752395156 10.2856792100953 
            10.2856792100953 11.2207408769329 
            11.2207408769329 12.1558025225343 
            12.1558025225343 13.0908641449213 
            13.0908641449213 14.0259257420628 
            14.0259257420628 14.9609873118696 
            14.9609873118696 15.8960488521884 
            15.8960488521884 16.8311103607968 
            16.8311103607968 17.766171835396 
            17.766171835396 18.7012332736052 
            18.7012332736052 19.6362946729537 
            19.6362946729537 20.5713560308738 
            20.5713560308738 21.5064173446926 
            21.5064173446926 22.4414786116231 
            22.4414786116231 23.376539828755 
            23.376539828755 24.311600993045 
            24.311600993045 25.2466621013049 
            25.2466621013049 26.1817231501907 
            26.1817231501907 27.1167841361896 
            27.1167841361896 28.0518450556057 
            28.0518450556057 28.9869059045455 
            28.9869059045455 29.9219666789007 
            29.9219666789007 30.857027374331 
            30.857027374331 31.7920879862438 
            31.7920879862438 32.727148509773 
            32.727148509773 33.6622089397551 
            33.6622089397551 34.5972692707033 
            34.5972692707033 35.532329496779 
            35.532329496779 36.46738961176 
            36.46738961176 37.4024496090055 
            37.4024496090055 38.3375094814175 
            38.3375094814175 39.2725692213982 
            39.2725692213982 40.2076288208014 
            40.2076288208014 41.1426882708802 
            41.1426882708802 42.0777475622269 
            42.0777475622269 43.0128066847072 
            43.0128066847072 43.947865627385 
            43.947865627385 44.8829243784391 
            44.8829243784391 45.8179829250686 
            45.8179829250686 46.7530412533864 
            46.7530412533864 47.6880993482985 
            47.6880993482985 48.6231571933665 
            48.6231571933665 49.5582147706523 
            49.5582147706523 50.4932720605393 
            50.4932720605393 51.4283290415284 
            51.4283290415284 52.3633856900033 
            52.3633856900033 53.2984419799606 
            53.2984419799606 54.2334978826961 
            54.2334978826961 55.1685533664422 
            55.1685533664422 56.1036083959443 
            56.1036083959443 57.0386629319651 
            57.0386629319651 57.9737169307023 
            57.9737169307023 58.908770343101 
            58.908770343101 59.8438231140378 
            59.8438231140378 60.7788751813489 
            60.7788751813489 61.7139264746639 
            61.7139264746639 62.6489769140014 
            62.6489769140014 63.5840264080649 
            63.5840264080649 64.5190748521636 
            64.5190748521636 65.4541221256568 
            65.4541221256568 66.38916808879 
            66.38916808879 67.3242125787469 
            67.3242125787469 68.2592554046801 
            68.2592554046801 69.1942963413989 
            69.1942963413989 70.1293351212706 
            70.1293351212706 71.064371423715 
            71.064371423715 71.9994048614154 
            71.9994048614154 72.9344349619804 
            72.9344349619804 73.8694611432046 
            73.8694611432046 74.8044826791561 
            74.8044826791561 75.7394986528604 
            75.7394986528604 76.6745078889571 
            76.6745078889571 77.6095088556786 
            77.6095088556786 78.544499518488 
            78.544499518488 79.4794771150289 
            79.4794771150289 80.4144377970916 
            80.4144377970916 81.3493760377004 
            81.3493760377004 82.2842836010169 
            82.2842836010169 83.2191476449973 
            83.2191476449973 84.1539469621063 
            84.1539469621063 85.0886437962707 
            85.0886437962707 86.0231636255869 
            86.0231636255869 86.9573352561755 
            86.9573352561755 87.8906536323674 
            87.8906536323674 88.8206155255893 
            88.8206155255893 89.747839539438 
